1021251050002
5078541020005
805020517.1btw3040103
32829362070004
47250613.13040202
1481671020005
713add_10402050205
30611432070002
11113948.000000000002050101
799020531.1btw3040104
57724241.00003030003
455950419.13060107
57624241.00003030003
1654202070009
20679961050003
20129873060102
53021761.00003050101
6636171070004
777020508.1btw3040104
401DNH09092008.32070006
2987402070009
2145882040104
341unkeo031080106
59621762.00003050101
696add_10232040101
695add_10222040105
1625002030105
2787312070004
1311501020003
1551741020004
793100420.1bkj3040104
492100720.13060107
961191050003
1021251050002
5078541020005
805020517.1btw3040103
32829362070004
47250613.13040202
1481671020005
713add_10402050205
30611432070002
11113948.000000000002050101
799020531.1btw3040104
57724241.00003030003
455950419.13060107
57624241.00003030003
20679961050003
20129873060102
53021761.00003050101
6636171070004
777020508.1btw3040104
401DNH09092008.32070006
2987402070009
2145882040104
341unkeo031080106
696add_10232040101
695add_10222040105
1625002030105
2787312070004
1311501020003
1551741020004
793100420.1bkj3040104
492100720.13060107
961191050003
1021251050002
5078541020005
805020517.1btw3040103
32829362070004
47250613.13040202
1481671020005
713add_10402050205
30611432070002
11113948.000000000002050101
799020531.1btw3040104
57724241.00003030003
455950419.13060107
57624241.00003030003
20679961050003
20129873060102
53021761.00003050101
6636171070004
777020508.1btw3040104
401DNH09092008.32070006
2987402070009
2145882040104
341unkeo031080106
696add_10232040101
695add_10222040105
1625002030105
2787312070004
1311501020003
1551741020004
793100420.1bkj3040104
492100720.13060107
961191050003
777020508.1btw3040104
341unkeo031080106
1311501020003
20679961050003
47250613.13040202
492100720.13060107
1551741020004
59621762.00003050101
32829362070004
1625002030105
53021761.00003050101
799020531.1btw3040104
696add_10232040101
5078541020005
6636171070004
1654202070009
20129873060102
2787312070004
